departure location: 32-69 or 86-968
departure station: 27-290 or 301-952
departure platform: 47-330 or 347-956
departure track: 46-804 or 826-956
departure date: 25-302 or 320-959
departure time: 29-885 or 893-961
arrival location: 33-643 or 649-963
arrival station: 29-135 or 151-973
arrival platform: 50-648 or 674-961
arrival track: 45-761 or 767-971
class: 46-703 or 725-951
duration: 47-244 or 257-957
price: 49-195 or 209-956
route: 44-368 or 393-968
row: 48-778 or 797-954
seat: 31-421 or 427-964
train: 42-229 or 245-961
type: 31-261 or 281-964
wagon: 36-428 or 445-967
zone: 30-906 or 923-960

your ticket:
157

nearby tickets:
463
131
216
775
948
491
414
880
404
758
489
287
406
110
454
185
510
449
324
222
102
173
507
491
744
282
553
259
620
58
159
200
694
626
471
319
452
676
635
283
76
887
161
905
223
272
108
90
861
60
475
498
526
152
749
905
126
475
518
320
66
363
341
777
865
429
631
62
768
505
582
174
286
575
640
852
554
425
288
864
114
583
898
401
841
861
60
221
210
699
353
88
285
393
850
626
683
158
448
499
871
882
777
873
701
739
356
446
682
606
446
643
460
233
815
946
628
725
415
219
461
679
194
897
906
539
295
688
571
884
755
733
474
773
152
114
152
168
66
857
686
853
195
535
215
478
588
381
931
211
185
898
64
734
107
540
55
846
668
562
480
183
646
866
184
773
447
540
868
214
185
445
511
762
906
719
517
735
948
527
281
106
947
591
103
259
728
733
356
832
169
623
526
680
103
641
895
977
929
676
176
330
505
630
774
215
623
852
247
940
157
417
701
849
214
354
926
215
884
138
881
416
588
870
505
606
528
396
866
547
615
934
914
457
777
